cpu  6955441 80 11460746 837989950 14052869 0 1293060 48845 0 0
cpu0 820614 7 1318313 105027732 1772328 0 166825 6134 0 0
cpu1 970490 4 1541363 104397544 1835577 0 155213 6938 0 0
cpu2 951868 10 1494658 104591287 1855635 0 138605 6144 0 0
cpu3 899622 13 1425261 104833368 1795292 0 126181 5846 0 0
cpu4 856156 12 1709592 103758606 1505956 0 369855 7321 0 0
cpu5 837495 17 1348155 105060303 1760883 0 115295 5551 0 0
cpu6 817607 4 1320561 105140220 1755177 0 111982 5494 0 0
cpu7 801586 9 1302841 105180888 1772017 0 109100 5413 0 0
intr 3797286015 143 10 0 0 672 0 3 0 0 0 110119 35 15 0 0 0 0 0 0 0 0 0 0 0 0 1438628 0 283034074 4789 0 0 0 0 0 0 0 0 0 0 0 0 0 0 0 0 0 0 0 0 0 0 0 0 0 0 0 0 0 0 0 0 0 0 0 0 0 0 0 0 0 0 0 0 0 0 0 0 0 0 0 0 0 0 0 0 0 0 0 0 0 0 0 0 0 0 0 0 0 0 0 0 0 0 0 0 0 0 0 0 0 0 0 0 0 0 0 0 0 0 0 0 0 0 0 0 0 0 0 0 0 0 0 0 0 0 0 0 0 0 0 0 0 0 0 0 0 0 0 0 0 0 0 0 0 0 0 0 0 0 0 0 0 0 0 0 0 0 0 0 0 0 0 0 0 0 0 0 0 0 0 0 0 0 0 0 0 0 0 0 0 0 0 0 0 0 0 0 0 0 0 0 0 0 0 0 0 0 0 0 0 0 0 0 0 0 0 0 0 0 0 0 0 0 0 0 0 0 0 0 0 0 0 0 0 0 0 0 0 0 0 0 0 0 0 0 0 0 0 0 0 0 0 0 0 0 0 0 0 0 0 0 0 0 0 0 0 0 0 0 0 0 0 0 0 0 0 0 0 0 0 0 0 0 0 0 0 0 0 0 0 0 0 0 0 0 0 0 0 0 0 0 0 0 0 0 0 0 0 0 0 0 0 0 0 0 0 0 0 0 0 0 0 0 0 0 0 0 0 0 0 0 0 0 0 0 0 0 0 0 0 0 0 0 0 0 0 0 0 0 0 0 0 0 0 0 0 0 0 0 0 0 0 0 0 0 0 0 0 0 0 0 0 0 0 0 0 0 0 0 0 0 0 0 0 0 0 0 0 0 0 0 0 0 0 0 0 0 0 0 0 0 0 0 0 0 0 0 0 0 0 0 0 0 0 0 0 0 0 0 0 0 0 0 0 0 0 0 0 0 0 0 0 0 0 0 0 0 0 0 0 0 0 0 0 0 0 0 0 0 0 0 0 0 0 0 0 0 0 0 0 0 0 0 0 0 0 0 0 0 0 0 0 0 0 0 0 0 0 0 0 0 0 0 0 0 0 0 0
ctxt 6539390180
btime 1557388244
processes 2376954
procs_running 2
procs_blocked 0
softirq 2509416450 2 765065502 8212 1047817435 0 0 392 319211097 0 377313810